6
6 8 12 15
35
8 14 20 40 45 54 60 67 74 89 99
100
35 87 141 163 183 252 288 314 356 387
90
6 8 16 19 28 32 37 45 52 60 69 78 82
4
5 13 19 26 35
5
5 13 19 26 35
5
7 16 19 27 33
8
2 5 8 14 18
8
3 6 9 15 19
8
9 17
9
9 10 11 13
8
8
3
4 8 12
300
10 20 35 47 82 99 120 143 155 200 267 298 299 300 100000
1
2 4 6 7
7
2 4 6 7
1
1 3 4 8 10 13 15 20 21 29 35 36 42 49 52 64 80 91 94 103 119 137 145 166 171 175 185 212 237 253 275 295 303 315 320 329 346 349 385 414 423 463 502 508 531 560 584 620 642 668 719 731 754 783 815 858 892 938 990 1011 1041 1071 1100 1118 1123 1131 1184 1186 1237 1299 1307 1355 1417 1441 1491 1516 1582 1600 1628 1656 1695 1706 1714 1759 1779 1783 1862 1925 1978 2025 2088 2163 2203 2212 2262 2267 2353 2412 2465 2546 2554 
1
1 3 5 7 12 18 21 22 29 34 45 54 61 68 74 81 90 95 102 109 124 137 139 155 157 173 182 194 220 237 250 270 280 288 317 344 377 405 430 470 471 499 515 518 563 579 607 655 674 714 715 735 781 834 871 882 915 966 979 1000 1032 1046 1088 1119 1178 1234 1270 1294 1330 1358 1426 1459 1466 1525 1566 1581 1647 1706 1728 1775 1805 1882 1897 1911 1948 2021 2069 2072 2108 2136 2220 2236 2245 2272 2327 2361 2374 2386 2408 2448 2531 2544 2593 2641 2697 2737 2774 2793 2885 2913 2973 2992 3067 3091 3124 3160 3266 3284 3336 3357 3452 3468 3520 3631 3686 3760 3862 3945 4064 4070 4137 4232 4256 4306 4430 4460 4510 4587 4720 4803 4924 5035 5135 5244 5378 5496 5514 5591 5695 5796 5902 6044 6197 6220 6243 6373 6378 6464 6556 6706 6839 6899 7044 7085 7094 7142 7293 7321 7360 7474 7523 7604 7620 7624 7752 7856 7954 8116 8271 8374 8446 8538 8680 8744 8918 8948 9135 9205 9224 9329 9384 9437 9471 9590 9741 9886 9996 10167 10230 10417 10426 
1
1 2 3 5 9 11 12 16 22 30 37 46 58 72 80 81 90 108 121 141 156 168 184 204 209 223 234 245 253 261 277 288 303 334 344 364 385 414 419 422 461 470 476 519 562 566 571 574 593 626 669 710 758 790 832 874 908 960 996 1043 1091 1111 1154 1211 1229 1271 1322 1352 1414 1418 1437 1475 1509 1572 1628 1633 1648 1649 1724 1771 1845 1916 1990 2074 2119 2194 2225 2249 2259 2293 2362 2365 2368 2388 2411 2478 2538 2561 2621 2655 2669 2703 2751 2760 2825 2924 3023 3110 3211 3232 3317 3352 3456 3486 3523 3594 3603 3714 3788 3826 3908 3974 4047 4120 4244 4285 4409 4493 4607 4648 4774 4781 4883 4904 4908 5029 5099 5104 5182 5250 5357 5427 5484 5535 5634 5706 5837 5937 5964 5983 6033 6053 6088 6201 6277 6302 6399 6514 6546 6611 6706 6746 6842 6871 6994 7152 7300 7323 7490 7571 7590 7662 7674 7731 7900 7903 7946 7996 7997 8162 8301 8332 8384 8483 8624 8632 8699 8777 8936 9004 9029 9031 9172 9250 9387 9494 9578 9693 9783 9920 10031 10095 10210 10249 10302 10454 10650 10724 10728 10817 10989 10997 11187 11301 11338 11542 11649 11734 11776 11967 12001 12173 12266 12400 12599 12634 12674 12867 12987 12995 13150 13192 13251 13449 13617 13796 13859 13949 14066 14305 14379 14605 14837 15042 15135 15209 15312 15343 15472 15531 15537 15692 15750 15941 16146 16244 16450 16517 16597 16634 16799 16849 17029 17054 17226 17388 17510 17672 17871 17948 18203 18386 18500 18630 18818 19065 19281 19502 19521 19777 19924 20082 20154 20296 20301 20357 20520 20565 20797 20845 20864 21040 21163 21317 21492 21646 21853 21894 22014 22187 22260 
1